(131,49,61),(107,65,80),(114,70,82),(119,74,87),(122,81,90),(128,87,96),(131,96,103),(137,102,109),(140,110,116),(141,112,117),(138,112,116),(131,106,109),(125,98,102),(120,93,97),(162,62,66),(208,34,35),
(106,48,62),(80,68,84),(91,77,91),(99,85,99),(104,93,104),(113,101,112),(115,111,119),(122,118,126),(121,125,129),(121,125,131),(117,124,128),(108,116,120),(96,102,107),(85,91,96),(136,60,64),(206,31,32),
(100,43,53),(77,66,79),(97,81,93),(108,93,105),(119,107,115),(130,117,126),(134,126,133),(137,129,136),(131,131,135),(127,126,131),(114,120,123),(100,107,109),(79,87,91),(61,70,74),(118,44,49),(198,25,27),
(96,39,49),(80,68,80),(102,86,97),(122,106,118),(136,123,131),(150,136,145),(152,144,152),(152,143,151),(142,140,145),(132,131,136),(112,117,120),(92,97,100),(65,73,77),(44,52,56),(105,31,35),(192,18,20),
(96,40,45),(79,69,74),(105,86,92),(127,108,114),(146,125,132),(160,138,146),(162,148,155),(161,146,154),(148,140,148),(135,127,135),(112,111,115),(87,87,92),(61,64,70),(41,45,50),(102,27,32),(188,14,16),
(98,41,46),(77,66,71),(99,79,85),(115,95,102),(132,108,116),(143,119,126),(144,127,135),(144,127,134),(130,120,127),(118,108,115),(98,95,101),(83,81,86),(64,67,72),(50,52,58),(107,31,36),(189,15,17),
(106,44,45),(81,65,66),(100,70,76),(108,78,83),(119,81,91),(121,83,93),(118,81,96),(114,78,92),(99,75,85),(97,72,83),(86,73,82),(86,73,82),(80,74,83),(76,70,79),(126,46,52),(196,20,23),
(110,48,49),(84,67,68),(97,65,71),(96,64,71),(100,59,70),(93,52,63),(84,45,61),(79,40,56),(69,43,55),(74,49,59),(73,59,68),(83,69,79),(88,82,91),(95,89,98),(141,61,68),(203,27,30),
(117,49,52),(89,63,67),(105,55,67),(100,50,62),(98,38,56),(90,30,48),(80,24,45),(79,23,44),(73,31,47),(78,37,53),(74,51,63),(88,65,77),(92,84,93),(104,95,105),(148,69,75),(207,30,33),
(120,51,55),(90,64,69),(107,56,69),(101,50,63),(98,37,56),(89,28,46),(80,23,44),(78,22,43),(75,33,50),(83,41,58),(78,55,68),(89,66,79),(93,85,95),(103,95,105),(148,69,75),(206,30,33),
(123,54,60),(93,67,74),(112,57,74),(108,53,69),(108,39,60),(100,30,51),(91,26,48),(91,26,48),(83,37,54),(91,45,63),(82,59,72),(92,70,82),(90,86,95),(98,95,103),(145,67,73),(205,29,32),
(122,54,60),(93,68,75),(113,59,75),(109,55,71),(111,42,63),(104,35,56),(95,30,52),(95,30,52),(87,40,58),(95,48,66),(86,63,76),(95,71,83),(90,86,95),(96,92,100),(143,64,70),(203,28,30),
(119,56,60),(88,70,74),(109,59,74),(105,54,69),(110,43,63),(105,38,59),(99,34,56),(98,33,55),(93,42,61),(101,50,70),(92,67,80),(99,74,87),(88,87,95),(92,91,98),(140,62,67),(202,26,29),
(121,57,60),(90,71,75),(108,58,72),(103,53,68),(110,43,63),(106,39,60),(101,36,58),(100,35,57),(95,43,63),(102,51,70),(93,67,80),(99,73,86),(87,85,93),(88,86,94),(137,59,64),(201,25,28),
(125,61,65),(95,76,80),(111,63,77),(104,56,70),(109,45,64),(104,39,59),(104,35,58),(104,35,58),(99,41,61),(104,46,65),(96,62,76),(102,68,81),(88,77,88),(88,77,88),(133,53,60),(199,22,25),
(129,65,68),(100,80,84),(115,67,81),(108,60,74),(111,46,65),(105,40,60),(103,33,57),(102,32,56),(96,38,57),(100,41,61),(89,53,67),(93,57,72),(81,69,80),(82,70,81),(128,48,55),(197,20,23),
(134,66,71),(106,82,88),(118,68,83),(110,60,75),(115,46,67),(108,39,60),(107,32,55),(103,29,52),(97,30,50),(100,33,54),(90,42,58),(94,45,62),(81,58,72),(84,61,75),(131,43,53),(199,19,23),
(134,67,72),(106,82,88),(117,67,82),(110,60,75),(115,46,66),(108,39,59),(105,30,53),(101,26,49),(94,27,47),(98,30,50),(90,41,58),(97,48,65),(86,62,77),(91,67,81),(138,49,59),(202,22,26),
(138,67,73),(108,79,86),(119,64,81),(112,57,73),(114,43,62),(106,35,54),(105,26,48),(103,24,46),(98,24,47),(102,28,50),(101,45,64),(114,59,78),(107,78,92),(113,83,98),(152,60,71),(207,25,30),
(138,66,72),(108,78,85),(117,61,77),(109,53,69),(111,38,58),(103,30,50),(103,23,45),(102,23,45),(100,25,48),(106,32,55),(108,53,72),(126,71,90),(124,94,109),(129,100,115),(159,69,79),(210,29,33),
(134,61,68),(104,73,81),(114,57,72),(106,49,64),(108,34,55),(101,27,47),(104,20,42),(105,22,43),(105,28,50),(114,38,59),(111,58,76),(127,74,92),(120,95,108),(122,97,110),(153,67,76),(207,27,31),
(126,52,59),(94,63,71),(108,51,66),(101,44,59),(105,31,51),(99,26,46),(104,20,42),(105,22,43),(106,29,50),(115,39,59),(110,57,75),(119,67,85),(106,82,95),(105,81,94),(140,54,62),(201,22,26),
(119,43,48),(88,53,60),(100,43,58),(97,40,54),(105,29,48),(101,25,44),(104,21,40),(106,23,42),(103,28,46),(112,36,54),(100,51,68),(104,56,73),(83,68,80),(80,64,76),(123,43,49),(194,17,20),
(113,36,42),(81,45,52),(94,36,51),(93,35,50),(102,26,45),(100,24,43),(106,23,42),(107,24,43),(105,29,47),(109,33,51),(91,43,60),(92,44,61),(69,53,65),(65,50,62),(113,33,40),(191,14,17),
(111,32,39),(78,40,48),(92,33,48),(91,32,47),(100,24,43),(100,24,43),(106,23,42),(107,24,43),(103,28,44),(105,30,46),(82,39,52),(82,39,51),(60,47,56),(56,43,52),(108,30,36),(189,13,16),
(111,32,39),(77,39,47),(90,31,46),(89,29,45),(98,22,40),(98,22,40),(104,20,39),(106,22,41),(101,26,41),(102,27,42),(79,36,48),(79,36,48),(58,44,53),(54,40,49),(107,27,33),(188,12,15),
(113,32,39),(80,40,49),(93,32,46),(90,29,43),(99,21,39),(98,20,37),(102,17,34),(104,19,36),(98,23,36),(100,25,39),(80,35,46),(82,37,47),(62,42,51),(57,37,46),(109,24,30),(189,10,13),
(117,36,43),(86,45,54),(97,36,50),(94,32,46),(101,22,40),(98,20,37),(103,17,34),(103,18,35),(98,23,36),(101,25,39),(82,37,46),(83,38,47),(64,43,51),(58,37,45),(109,24,28),(189,10,12),
(128,43,52),(97,52,62),(106,42,57),(99,36,50),(104,24,42),(100,19,37),(106,16,35),(106,16,35),(101,21,34),(104,25,38),(86,35,43),(86,35,43),(68,39,44),(62,34,39),(114,22,26),(191,9,11),
(135,51,60),(104,59,70),(111,47,61),(102,39,53),(107,26,44),(101,20,39),(106,16,34),(106,16,34),(101,21,34),(103,24,37),(85,32,41),(84,30,40),(66,35,41),(61,32,37),(114,21,25),(191,9,11),
(139,55,65),(106,61,74),(109,48,61),(101,39,53),(107,24,43),(101,19,37),(107,13,31),(107,13,31),(103,18,33),(105,21,36),(90,29,40),(89,28,40),(72,32,41),(72,32,41),(121,23,26),(194,9,11),
(139,55,66),(106,61,75),(108,47,61),(100,38,52),(106,24,43),(102,21,39),(107,13,31),(107,13,31),(103,18,33),(106,21,36),(94,33,44),(95,34,45),(84,43,53),(87,46,55),(133,35,38),(200,15,17),
(143,59,71),(111,66,81),(113,53,69),(105,45,61),(111,31,49),(105,25,43),(111,17,35),(110,16,34),(105,21,36),(110,25,40),(101,38,50),(109,46,58),(104,61,71),(113,70,80),(154,53,59),(210,24,26),
(152,68,81),(123,79,94),(126,67,83),(118,59,75),(122,41,59),(113,33,51),(115,22,40),(113,19,37),(108,23,38),(114,29,44),(109,46,58),(124,62,74),(125,82,93),(139,96,106),(174,73,80),(219,33,36),
(156,77,89),(130,91,107),(133,80,96),(121,69,84),(127,49,68),(116,38,57),(118,26,45),(112,20,40),(110,25,40),(117,32,47),(115,54,65),(133,72,84),(139,98,110),(155,115,126),(186,87,96),(224,39,43),
(157,78,91),(132,93,109),(131,80,95),(118,67,82),(123,46,65),(111,35,54),(114,22,42),(110,19,39),(109,24,39),(118,34,49),(119,57,70),(139,78,91),(148,107,119),(165,125,136),(193,94,103),(227,42,45),
(155,78,91),(125,90,106),(121,77,92),(108,64,79),(111,42,61),(101,32,51),(108,18,40),(106,16,37),(108,22,42),(121,36,55),(125,61,78),(147,82,100),(154,111,128),(172,128,145),(196,98,109),(228,44,49),
(156,80,94),(126,91,107),(121,77,92),(107,63,79),(109,41,61),(99,31,49),(105,17,38),(105,17,37),(108,25,43),(123,39,58),(127,63,80),(147,84,101),(154,111,128),(172,129,148),(196,99,111),(228,44,50),
(161,85,99),(132,97,115),(126,82,101),(115,70,90),(114,52,73),(103,40,61),(102,26,45),(99,24,42),(104,29,45),(117,42,58),(121,61,79),(139,79,97),(145,106,126),(163,124,144),(189,97,111),(225,43,50),
(166,90,104),(140,105,125),(137,94,113),(129,85,105),(132,71,92),(120,60,81),(117,45,64),(111,39,57),(114,42,58),(122,51,67),(125,69,86),(140,84,101),(143,107,127),(158,122,142),(184,93,107),(223,42,48),
(165,88,105),(142,107,128),(142,103,123),(141,101,122),(145,99,117),(140,94,112),(138,88,103),(133,83,98),(131,86,99),(135,91,104),(134,100,114),(143,109,123),(141,120,138),(149,128,146),(178,94,109),(220,41,49),
(159,83,99),(137,103,123),(144,106,126),(150,111,132),(163,120,137),(173,129,147),(182,135,150),(184,137,151),(178,135,147),(173,132,144),(163,131,145),(160,129,141),(150,131,148),(150,131,150),(177,93,109),(220,41,49),
(152,82,97),(129,101,120),(138,108,125),(150,119,136),(167,135,150),(184,151,167),(195,163,176),(199,168,181),(189,165,173),(181,157,165),(168,150,161),(160,142,153),(148,139,155),(145,135,152),(173,94,109),(218,42,49),
(150,81,95),(126,100,117),(136,108,124),(150,122,138),(169,138,153),(185,155,170),(198,168,180),(201,171,184),(191,168,176),(180,158,165),(164,147,158),(155,139,149),(141,132,148),(139,130,146),(170,92,106),(216,41,47),
(148,83,95),(124,104,118),(130,112,125),(143,125,138),(161,141,152),(177,157,168),(189,169,178),(193,173,182),(183,168,175),(169,155,162),(152,142,150),(139,129,137),(127,123,133),(126,123,133),(162,88,96),(213,39,43),
(150,86,96),(127,109,121),(132,115,127),(145,128,140),(161,143,153),(175,157,167),(186,169,177),(190,172,180),(180,167,173),(166,153,159),(146,137,144),(130,122,129),(117,115,124),(116,114,122),(155,82,88),(209,36,39),
(144,90,94),(124,116,121),(131,121,129),(143,132,140),(158,147,155),(173,163,171),(182,175,179),(184,176,181),(177,171,175),(161,156,160),(138,140,142),(121,123,124),(105,114,116),(102,111,112),(147,77,78),(205,34,34),
(142,89,91),(124,118,121),(132,124,130),(143,134,140),(159,151,158),(175,167,174),(184,178,182),(184,178,182),(175,172,174),(162,158,161),(137,141,142),(120,124,124),(104,115,115),(99,109,109),(143,74,75),(204,32,32),
(139,93,88),(119,123,117),(130,127,128),(140,138,138),(155,154,157),(171,171,173),(178,181,182),(178,180,181),(167,175,172),(155,162,159),(132,147,142),(115,129,125),(100,119,113),(94,114,107),(140,76,71),(202,33,31),
(141,96,91),(120,124,117),(129,127,127),(139,138,137),(154,154,156),(169,170,171),(175,179,179),(174,177,178),(165,174,171),(154,162,159),(131,147,142),(115,131,126),(102,122,114),(97,116,108),(140,77,71),(202,34,31),
(140,99,88),(117,127,112),(125,130,124),(135,141,134),(150,155,154),(164,169,167),(169,179,176),(169,179,176),(160,175,170),(147,162,157),(129,149,140),(113,133,124),(101,123,111),(95,118,105),(139,79,67),(201,34,29),
(140,99,88),(117,127,111),(124,130,124),(134,141,134),(148,154,153),(162,167,165),(168,178,175),(171,180,177),(158,174,168),(144,160,155),(127,147,137),(113,133,124),(101,123,110),(94,116,103),(137,78,66),(201,33,28),
(140,100,86),(116,126,109),(121,129,122),(131,139,132),(145,154,151),(160,170,166),(168,180,176),(169,181,177),(155,172,166),(141,158,153),(125,145,133),(113,133,122),(102,125,108),(94,117,100),(138,78,64),(201,34,28),
(139,98,84),(114,123,106),(119,126,118),(129,137,130),(143,152,149),(159,169,165),(168,180,176),(167,180,176),(155,172,166),(141,159,153),(125,145,133),(113,133,122),(103,126,110),(96,120,103),(139,80,66),(202,35,28),
(140,96,80),(115,120,100),(119,125,116),(132,138,129),(144,154,149),(159,169,163),(166,180,175),(165,179,175),(154,173,164),(142,162,153),(125,148,134),(112,135,121),(102,128,108),(97,123,103),(141,82,66),(203,36,29),
(141,96,78),(117,122,99),(124,128,119),(136,141,131),(147,157,151),(160,170,163),(163,178,172),(163,177,172),(153,173,163),(141,162,152),(126,149,134),(113,136,121),(101,128,107),(96,123,102),(141,82,65),(202,36,28),
(143,96,70),(122,123,91),(130,130,114),(142,143,127),(150,158,149),(161,170,160),(161,176,167),(159,174,165),(148,170,158),(137,160,147),(123,148,131),(109,134,117),(95,126,102),(89,121,96),(138,81,60),(201,35,25),
(144,96,68),(123,123,88),(131,130,112),(143,143,125),(150,157,147),(160,168,156),(159,174,164),(158,173,163),(145,168,154),(134,156,144),(117,144,125),(102,129,110),(88,121,95),(82,115,90),(132,76,54),(199,34,23),
(147,96,56),(128,124,76),(135,133,104),(147,145,116),(154,156,140),(163,166,149),(159,172,160),(157,170,159),(142,165,151),(128,151,136),(107,138,116),(93,124,102),(79,114,84),(72,107,77),(126,71,45),(197,32,20),
(146,95,53),(128,124,73),(135,133,102),(149,146,115),(156,158,140),(163,166,148),(158,171,159),(155,168,156),(140,163,149),(126,148,134),(105,135,113),(89,120,98),(74,108,77),(65,99,69),(122,67,42),(196,30,19),
(147,95,43),(131,126,61),(138,134,92),(152,148,106),(158,159,134),(165,166,141),(161,173,158),(157,168,153),(142,162,149),(129,150,136),(109,138,117),(92,120,99),(75,107,76),(65,97,66),(121,66,38),(196,30,17),
(147,94,40),(130,124,58),(137,133,89),(152,148,104),(160,162,135),(168,169,142),(163,174,158),(160,170,155),(145,165,151),(134,153,139),(114,141,121),(96,125,104),(78,110,78),(65,96,66),(121,64,37),(195,29,17),
(146,93,34),(129,123,50),(138,133,80),(153,148,95),(163,161,130),(172,171,139),(168,174,154),(167,173,153),(152,168,152),(139,156,138),(120,143,124),(103,127,108),(82,109,80),(67,94,64),(121,62,35),(195,28,16),
(145,94,34),(127,123,50),(135,132,79),(152,148,95),(161,159,128),(171,169,138),(170,175,155),(170,175,155),(156,171,154),(143,158,141),(123,145,126),(104,127,108),(82,110,80),(68,96,66),(122,63,35),(195,28,16),
(143,96,40),(123,125,56),(133,135,82),(148,150,97),(160,161,127),(171,172,137),(174,177,156),(175,179,157),(163,173,157),(150,160,143),(126,147,126),(106,128,107),(84,112,80),(71,99,66),(123,65,37),(196,29,16),
(143,98,44),(123,127,62),(133,137,87),(147,150,101),(159,162,130),(171,174,142),(176,180,159),(177,182,160),(165,176,159),(150,161,144),(126,147,125),(106,127,106),(86,113,80),(75,102,69),(126,67,38),(196,30,16),
(133,95,55),(112,125,75),(123,133,98),(137,147,112),(151,159,136),(163,172,148),(169,179,159),(170,180,161),(161,175,156),(146,160,142),(125,145,120),(105,125,100),(89,112,77),(79,103,68),(128,69,37),(197,30,16),
(123,86,52),(101,115,72),(114,125,94),(129,140,110),(142,151,132),(155,165,144),(162,173,156),(165,176,159),(157,173,155),(143,159,141),(123,144,119),(105,126,101),(90,114,78),(79,103,68),(128,69,36),(198,30,16),
(107,75,64),(82,102,89),(98,113,103),(114,129,120),(129,144,139),(144,159,154),(153,170,162),(156,174,166),(151,174,159),(138,161,146),(123,148,124),(106,130,106),(89,116,79),(78,104,68),(128,69,34),(198,31,15),
(98,66,60),(71,92,83),(89,105,99),(107,122,117),(125,140,137),(143,157,156),(153,170,164),(156,174,168),(151,174,161),(139,162,150),(124,150,127),(106,131,108),(89,117,80),(77,104,68),(128,70,35),(198,31,15),
(92,61,72),(65,85,99),(83,99,112),(103,120,132),(124,141,149),(143,160,168),(156,174,177),(159,177,180),(151,175,168),(139,162,157),(122,151,130),(102,131,110),(85,116,78),(74,105,67),(127,71,35),(197,32,15),
(95,62,74),(70,87,103),(89,101,116),(109,121,136),(130,144,153),(150,163,173),(160,175,179),(163,178,182),(154,176,170),(141,163,158),(122,148,129),(102,129,110),(84,115,78),(72,103,66),(126,70,35),(197,32,16),
(108,64,81),(84,87,109),(103,99,121),(119,116,137),(138,135,152),(154,152,168),(161,165,173),(164,167,175),(155,167,165),(144,156,154),(125,145,131),(106,126,112),(86,114,82),(75,103,70),(126,71,39),(197,32,18),
(113,63,81),(87,85,107),(100,91,113),(110,101,123),(123,114,131),(133,125,142),(139,137,146),(143,140,150),(138,144,143),(133,139,138),(118,134,122),(105,121,108),(89,114,83),(79,105,74),(128,73,42),(198,32,19),
(121,53,71),(94,70,92),(102,71,93),(104,73,95),(108,75,95),(112,79,99),(114,87,101),(119,92,106),(119,100,104),(122,103,107),(112,109,101),(107,104,96),(91,107,81),(87,103,77),(132,75,47),(200,33,21),
(115,43,60),(89,61,81),(95,61,81),(92,58,79),(88,51,70),(85,47,67),(82,48,62),(84,51,65),(87,61,66),(97,72,77),(95,86,79),(99,90,83),(89,101,76),(92,103,78),(135,76,49),(201,34,22),
(119,34,46),(99,53,69),(108,57,74),(104,54,71),(99,44,61),(88,33,49),(82,25,40),(80,23,38),(84,32,43),(98,46,57),(99,65,63),(108,74,72),(97,94,72),(102,98,77),(139,74,48),(203,33,21),
(116,29,40),(100,51,65),(112,60,75),(113,60,76),(107,49,64),(92,34,49),(83,22,37),(81,20,35),(83,27,38),(95,39,50),(96,59,57),(106,70,67),(95,89,67),(100,94,72),(139,71,45),(203,32,20),
(121,25,34),(107,49,59),(122,59,69),(123,60,70),(119,49,61),(105,35,47),(95,20,34),(90,15,28),(93,20,31),(102,30,40),(101,49,48),(111,59,59),(98,78,57),(103,84,63),(141,65,41),(205,30,19),
(121,26,34),(106,49,58),(121,57,67),(123,60,69),(121,50,61),(106,36,47),(95,18,32),(88,11,25),(88,15,25),(98,25,36),(97,44,43),(109,54,54),(96,75,55),(101,80,59),(141,62,39),(204,29,18),
(126,33,34),(111,56,59),(127,62,68),(127,62,68),(126,52,61),(109,35,44),(99,17,29),(92,10,22),(92,15,25),(104,27,37),(107,48,47),(119,60,59),(109,80,63),(116,87,69),(149,67,45),(207,30,20),
(135,45,46),(124,71,74),(139,77,82),(139,76,81),(134,61,70),(115,42,51),(105,24,36),(97,16,27),(100,24,34),(116,40,50),(125,66,65),(141,83,82),(132,105,88),(140,112,95),(167,86,64),(215,38,28),
(143,60,61),(136,93,94),(149,97,99),(146,93,95),(143,74,81),(122,53,60),(109,32,42),(104,27,37),(110,36,45),(130,56,65),(141,84,83),(162,105,104),(155,133,115),(163,141,123),(183,104,85),(221,45,37),
(147,66,66),(140,99,99),(152,102,103),(148,96,98),(143,75,82),(122,54,61),(109,33,43),(104,28,38),(111,36,46),(131,56,66),(141,84,83),(161,104,104),(155,134,117),(163,141,125),(182,103,85),(221,45,37),
(137,64,61),(124,92,89),(137,92,91),(131,86,85),(128,66,71),(109,47,52),(99,28,36),(94,22,30),(101,26,36),(116,41,51),(121,64,65),(137,80,81),(124,105,93),(130,111,99),(159,82,69),(211,36,30),
(127,54,52),(108,77,74),(121,74,74),(115,68,68),(113,51,56),(100,37,42),(95,22,30),(88,15,24),(92,16,26),(101,27,36),(102,44,46),(110,52,54),(91,70,59),(94,73,62),(135,56,44),(201,25,20),
(123,50,47),(99,68,65),(111,63,64),(107,59,59),(108,43,47),(99,35,38),(98,21,31),(91,14,24),(92,15,25),(98,21,31),(95,33,38),(99,37,42),(79,50,44),(81,53,46),(126,42,33),(197,19,15),
(126,52,49),(100,68,64),(111,61,62),(107,58,58),(111,45,49),(104,37,41),(103,25,35),(96,18,28),(96,18,28),(100,22,32),(97,33,38),(100,37,42),(82,49,44),(84,52,46),(128,41,33),(198,18,15),
(134,57,52),(107,71,65),(118,64,62),(114,60,57),(120,48,52),(110,39,43),(109,25,33),(102,19,26),(102,18,28),(106,23,33),(104,35,40),(109,40,45),(96,51,48),(99,54,51),(141,42,38),(204,19,17),
(143,67,60),(115,80,72),(122,71,67),(115,64,60),(122,51,53),(111,42,44),(109,25,32),(101,17,24),(101,17,26),(107,23,32),(107,36,41),(114,44,48),(105,57,54),(109,61,58),(148,48,43),(208,22,20),
(152,78,69),(124,92,80),(123,82,71),(114,73,61),(120,54,51),(109,44,41),(111,23,28),(104,16,21),(105,15,23),(111,21,29),(109,34,37),(118,42,45),(114,58,54),(124,67,63),(160,54,47),(214,25,23),
(163,89,78),(135,103,90),(130,90,78),(119,78,66),(122,56,52),(109,44,41),(113,25,29),(106,18,22),(107,16,24),(112,21,29),(107,32,35),(115,39,42),(115,57,53),(126,69,65),(165,57,51),(217,28,25),
(171,97,84),(144,113,96),(138,99,85),(124,85,71),(126,61,56),(111,46,41),(115,23,27),(108,16,20),(111,16,23),(115,20,27),(109,31,34),(117,39,42),(119,56,52),(128,65,61),(168,53,48),(218,26,24),
(180,108,95),(157,126,110),(150,112,98),(135,97,82),(134,68,64),(115,49,44),(114,22,26),(107,15,19),(113,18,25),(119,24,31),(117,39,42),(128,51,54),(129,67,64),(136,75,72),(170,56,51),(217,26,24),
(194,124,112),(175,147,134),(172,131,120),(156,114,103),(148,81,78),(121,53,51),(116,22,27),(110,15,20),(118,21,29),(131,34,41),(131,55,58),(148,73,75),(149,93,91),(157,101,99),(183,71,69),(222,32,30),
(206,147,136),(190,177,164),(189,160,150),(170,140,130),(160,101,99),(126,66,65),(120,29,36),(112,22,28),(123,29,39),(142,48,57),(147,76,80),(168,97,102),(171,124,124),(183,136,136),(202,98,96),(231,44,43),
(186,166,157),(169,203,191),(171,186,177),(151,166,157),(151,121,122),(114,84,85),(115,38,51),(105,28,40),(120,36,51),(145,60,75),(145,93,103),(168,116,127),(160,146,151),(174,159,164),(192,117,119),(227,54,54),
(172,161,155),(151,196,188),(155,179,174),(137,162,155),(143,120,124),(109,86,90),(110,38,54),(98,26,41),(113,34,51),(139,59,77),(138,93,107),(158,113,127),(142,139,147),(152,148,156),(175,109,114),(220,50,52),
(131,153,157),(102,187,193),(113,169,175),(98,154,160),(115,115,128),(85,85,99),(92,38,65),(78,24,51),(94,30,59),(119,55,83),(111,88,112),(125,103,127),(97,130,149),(101,134,153),(136,100,114),(202,46,52),
(117,139,146),(84,171,180),(99,155,164),(85,141,150),(106,105,122),(79,78,96),(86,32,62),(74,19,50),(88,24,57),(110,47,79),(99,79,107),(113,93,121),(82,118,140),(86,122,143),(125,92,108),(197,42,49),
(108,132,149),(73,163,183),(91,146,166),(80,135,155),(101,98,129),(75,72,103),(84,29,70),(71,16,57),(84,22,66),(105,43,87),(91,76,115),(105,90,129),(72,117,149),(78,123,155),(118,93,116),(194,42,53),
(108,130,147),(75,160,182),(92,144,166),(81,133,154),(102,95,128),(75,69,102),(85,28,71),(72,16,58),(86,23,68),(106,43,88),(93,75,116),(107,89,130),(75,117,152),(81,123,157),(121,93,118),(195,42,53),
(117,127,148),(85,156,182),(103,139,168),(91,128,156),(108,90,130),(82,65,105),(88,26,74),(77,15,63),(89,22,72),(108,41,91),(98,70,118),(112,84,132),(81,113,155),(87,119,160),(125,89,120),(196,40,54),
(121,126,147),(88,152,178),(106,136,165),(94,124,153),(110,88,127),(84,63,102),(88,25,71),(80,16,63),(89,22,70),(107,39,87),(99,68,114),(114,84,130),(87,112,153),(93,118,159),(129,88,118),(198,39,53),
(134,122,142),(104,148,171),(118,132,159),(106,120,147),(118,85,119),(91,58,92),(89,21,62),(82,13,55),(91,20,64),(109,38,82),(105,66,107),(124,86,126),(108,113,150),(115,120,157),(146,89,118),(206,40,53),
(143,125,143),(113,151,172),(125,134,159),(112,122,146),(119,85,116),(90,57,88),(87,21,58),(79,13,50),(90,21,60),(111,42,82),(113,74,110),(135,96,131),(126,126,159),(134,134,167),(161,100,125),(213,45,56),
(162,127,137),(136,152,165),(142,137,153),(128,123,139),(127,91,112),(99,63,84),(94,33,58),(88,27,52),(99,35,61),(120,57,83),(129,90,110),(153,113,133),(152,138,157),(162,147,166),(187,107,123),(225,48,56),
(169,131,138),(146,159,168),(151,145,158),(139,134,146),(139,107,124),(118,86,103),(119,64,85),(116,61,82),(125,67,89),(142,85,107),(148,112,128),(166,129,146),(163,148,163),(172,156,170),(195,113,125),(228,51,57),
(181,133,131),(163,163,161),(164,155,156),(158,149,150),(158,134,137),(147,124,127),(151,113,121),(149,111,119),(155,115,124),(164,124,133),(168,138,142),(177,147,151),(175,157,157),(179,161,160),(202,114,116),(232,52,53),
(183,136,133),(169,169,166),(172,165,164),(170,164,163),(175,157,158),(173,155,155),(178,147,152),(178,147,152),(183,150,156),(187,154,160),(186,161,162),(187,162,164),(181,166,164),(181,165,163),(201,115,115),(231,53,52),
(185,138,134),(171,172,167),(172,173,168),(173,173,169),(178,174,168),(176,173,167),(180,171,167),(180,171,167),(184,173,170),(185,174,171),(185,176,170),(183,175,169),(179,174,166),(177,171,164),(198,118,112),(230,54,51),
(181,138,136),(166,173,170),(168,174,170),(170,176,173),(176,177,173),(177,180,175),(180,178,174),(181,178,174),(181,177,174),(180,176,173),(178,176,171),(176,175,170),(172,174,168),(171,171,166),(193,119,114),(227,54,51),
(163,137,138),(144,171,174),(150,172,171),(154,177,176),(162,181,179),(165,184,182),(169,186,182),(167,183,180),(165,181,178),(160,177,174),(155,173,172),(153,171,170),(149,172,171),(148,170,169),(177,118,118),(220,53,53),
(147,126,132),(124,158,166),(134,162,166),(141,169,172),(153,176,177),(158,182,183),(164,185,183),(163,184,183),(158,179,178),(152,173,172),(142,166,168),(137,162,163),(130,160,163),(129,160,163),(164,112,114),(214,50,51),
(118,116,134),(92,147,169),(107,152,168),(116,161,178),(135,172,182),(143,180,190),(153,186,191),(153,186,191),(148,181,188),(140,173,180),(124,166,177),(114,156,167),(98,153,166),(96,151,164),(141,105,117),(204,46,52),
(108,107,128),(80,136,163),(96,141,162),(109,154,174),(130,167,181),(142,179,192),(155,188,195),(155,188,196),(151,184,193),(141,175,184),(123,165,179),(109,150,165),(88,144,162),(84,139,157),(133,96,112),(200,43,50),
(106,107,138),(75,134,173),(94,141,173),(106,153,185),(129,166,190),(143,180,204),(158,189,206),(160,191,208),(154,187,203),(144,177,193),(123,165,189),(108,150,174),(85,141,172),(78,135,166),(130,92,118),(199,42,53),
(115,112,144),(83,139,179),(99,142,175),(111,154,187),(133,167,191),(147,181,205),(161,190,208),(163,193,210),(157,189,206),(147,178,195),(127,166,190),(112,151,175),(92,142,174),(86,136,168),(136,93,120),(202,43,55),
(127,114,148),(96,140,182),(107,140,176),(117,150,187),(138,163,189),(152,177,203),(164,188,207),(165,189,208),(159,185,204),(148,175,193),(131,161,187),(117,147,173),(107,138,173),(104,134,170),(151,92,122),(209,42,55),
(129,113,146),(97,138,177),(106,137,171),(114,145,179),(134,157,181),(148,172,196),(159,182,200),(161,185,203),(155,180,197),(145,170,187),(128,157,182),(116,145,169),(106,136,168),(103,133,166),(151,91,120),(209,42,55),
(130,109,134),(98,131,163),(105,132,157),(113,141,165),(133,153,171),(147,167,185),(157,175,189),(160,178,193),(155,176,189),(146,166,180),(129,156,172),(117,144,159),(105,132,157),(100,128,153),(148,88,110),(208,40,50),
(128,106,130),(96,129,158),(103,130,154),(113,139,162),(132,151,169),(146,164,182),(157,174,187),(161,178,192),(155,174,187),(146,165,178),(130,155,171),(119,144,159),(105,131,155),(99,125,149),(146,85,106),(206,39,48),
(128,104,124),(98,128,152),(107,131,150),(115,139,158),(134,150,165),(149,165,180),(161,173,185),(165,177,190),(159,173,184),(151,165,176),(136,157,172),(124,143,159),(109,133,154),(102,126,147),(147,87,103),(207,40,47),
(128,104,123),(99,128,152),(108,133,151),(116,141,159),(134,152,167),(149,166,181),(162,174,187),(165,179,191),(160,175,187),(152,167,178),(137,157,173),(124,145,161),(110,134,154),(103,127,147),(149,87,104),(208,40,48),
(131,106,125),(103,131,154),(109,136,154),(118,144,162),(132,155,170),(145,168,183),(158,176,188),(160,179,191),(155,176,187),(147,168,179),(133,155,170),(121,144,159),(109,133,152),(103,127,146),(151,87,104),(210,40,48),
(138,112,130),(111,138,160),(114,140,158),(121,148,165),(135,158,173),(147,169,184),(156,175,187),(158,178,190),(152,174,186),(143,165,177),(130,154,168),(119,141,157),(108,132,150),(104,128,146),(153,89,105),(211,41,48),
(146,120,134),(120,146,165),(121,146,163),(127,152,168),(136,159,174),(146,169,184),(153,174,187),(155,176,189),(146,172,184),(139,164,176),(128,153,167),(116,141,155),(109,133,150),(108,132,150),(156,91,105),(211,42,48),
(151,123,138),(127,153,172),(130,154,171),(132,157,174),(138,160,176),(145,168,183),(151,172,186),(153,175,188),(145,170,182),(138,163,175),(130,155,168),(120,145,159),(116,141,156),(114,139,155),(159,96,108),(212,43,49),
(156,127,143),(135,160,179),(138,162,179),(139,162,180),(144,163,180),(147,167,184),(150,173,186),(151,174,187),(145,170,182),(139,164,176),(133,159,171),(128,154,166),(125,150,162),(123,148,160),(164,101,110),(214,45,50),
(163,134,150),(144,168,187),(146,169,186),(146,169,185),(150,170,185),(151,170,186),(151,173,186),(151,173,185),(147,171,183),(143,168,179),(139,164,175),(136,161,173),(133,158,169),(133,157,169),(170,107,116),(217,48,52),
(172,142,156),(154,176,194),(155,175,191),(154,174,190),(157,175,189),(157,175,189),(155,175,187),(153,173,185),(149,172,183),(147,170,180),(143,167,177),(142,166,176),(141,164,174),(141,165,175),(177,113,120),(220,50,54),
(175,145,159),(157,179,196),(158,178,194),(157,178,193),(159,177,191),(159,177,191),(156,177,187),(154,175,185),(150,173,183),(148,171,180),(145,169,178),(144,168,177),(145,168,177),(146,169,178),(181,116,123),(221,52,55),
(169,140,151),(151,174,186),(153,174,187),(154,174,188),(156,176,188),(156,177,188),(154,175,184),(152,173,182),(150,171,180),(148,170,178),(146,170,175),(144,169,174),(147,169,175),(149,171,177),(183,117,122),(222,52,55),
(155,125,135),(134,157,168),(140,161,173),(143,165,176),(147,168,178),(150,171,182),(151,172,180),(148,170,178),(146,167,176),(144,165,174),(143,166,172),(143,166,172),(145,167,173),(147,169,175),(182,116,120),(222,52,54),
(139,110,117),(116,140,147),(123,145,153),(131,153,161),(138,159,168),(142,164,173),(146,166,173),(145,165,172),(142,164,171),(142,164,170),(142,164,170),(142,164,170),(144,163,170),(146,166,173),(180,115,120),(222,52,54),
(129,99,106),(104,127,135),(113,135,142),(123,144,152),(132,152,160),(136,157,165),(140,159,166),(140,159,166),(140,161,167),(142,163,168),(142,163,169),(144,164,170),(146,165,172),(147,167,173),(182,115,120),(222,52,55),
(130,99,104),(105,127,133),(114,134,139),(123,143,147),(133,150,155),(137,155,160),(141,158,164),(142,159,165),(143,160,166),(145,163,168),(147,164,169),(149,166,172),(151,168,174),(152,170,175),(185,118,123),(224,53,56),
(137,106,111),(116,136,142),(125,143,148),(132,150,155),(140,156,161),(144,159,165),(146,162,168),(149,165,170),(150,166,172),(150,166,173),(152,168,174),(154,171,176),(157,173,178),(158,174,180),(189,121,127),(226,55,57),
(151,117,121),(133,150,156),(142,157,163),(148,163,169),(154,167,171),(155,168,173),(157,169,174),(158,170,176),(159,171,179),(159,171,178),(162,175,180),(165,178,182),(166,179,184),(167,180,185),(193,125,129),(227,56,58),
(165,131,136),(151,168,174),(158,172,178),(161,176,182),(165,177,181),(162,174,178),(161,172,177),(159,169,174),(160,170,177),(163,172,180),(166,177,182),(171,182,186),(172,184,189),(173,185,189),(194,126,129),(227,56,57),
(177,141,147),(165,180,187),(169,182,187),(168,181,186),(167,176,180),(162,170,174),(158,162,167),(154,157,163),(156,156,165),(160,161,170),(164,168,173),(173,176,182),(175,184,188),(178,186,190),(195,127,130),(227,56,57),
(186,150,154),(173,188,193),(174,186,190),(167,179,184),(160,167,172),(149,155,159),(141,140,147),(134,134,140),(136,132,142),(143,140,150),(153,152,159),(167,166,173),(173,181,185),(178,185,189),(195,127,130),(227,56,57),
(190,154,156),(175,190,194),(174,185,188),(162,173,176),(152,153,159),(132,133,140),(119,111,120),(108,100,109),(114,98,110),(127,112,124),(142,131,142),(162,152,162),(169,173,178),(175,179,185),(194,126,127),(226,55,56),
(190,155,158),(174,190,193),(170,181,184),(154,165,168),(140,141,147),(113,113,120),(94,83,93),(79,68,78),(86,67,81),(105,86,99),(127,113,124),(153,139,151),(161,163,169),(170,172,178),(192,123,125),(226,55,55),
(187,154,156),(170,188,191),(167,178,181),(149,160,163),(133,132,139),(101,100,108),(81,63,76),(63,45,58),(69,42,58),(90,63,79),(117,95,109),(147,125,139),(155,151,159),(166,162,170),(189,121,122),(226,55,55),
(182,150,152),(165,184,187),(162,174,177),(147,158,161),(131,129,136),(100,99,105),(78,58,71),(55,35,48),(63,32,48),(82,52,68),(110,84,99),(140,114,129),(149,143,151),(163,158,166),(188,119,120),(226,55,55),
(173,143,145),(155,177,179),(156,169,172),(143,156,159),(133,130,136),(104,101,106),(83,58,71),(61,36,49),(69,30,48),(89,50,68),(113,80,96),(142,110,125),(151,140,148),(167,156,164),(190,120,122),(227,55,56),
(164,134,135),(144,168,169),(148,162,165),(139,153,155),(133,129,135),(106,102,108),(90,63,77),(69,42,55),(78,36,55),(97,55,74),(119,84,100),(146,112,128),(156,144,153),(172,161,169),(194,123,125),(228,56,57),
(153,125,126),(134,159,160),(140,156,158),(133,149,151),(133,127,133),(108,102,109),(98,65,81),(79,47,62),(90,41,62),(107,58,80),(129,88,106),(156,114,133),(162,147,157),(178,163,173),(196,123,125),(229,56,57),
(148,120,121),(128,153,154),(137,151,153),(131,146,148),(131,125,131),(109,101,109),(99,64,81),(81,47,63),(95,43,65),(112,61,82),(132,89,108),(159,115,135),(162,146,156),(176,159,170),(193,120,122),(227,54,55),
(149,119,121),(128,151,152),(136,149,152),(131,145,147),(132,122,130),(109,99,107),(101,62,80),(83,43,61),(96,38,62),(113,56,80),(133,84,105),(158,109,130),(159,139,150),(171,151,163),(189,114,117),(226,52,53),
(151,121,122),(130,153,155),(138,150,153),(131,144,147),(131,120,128),(107,95,103),(99,58,76),(80,39,57),(93,32,57),(109,50,74),(129,79,100),(153,102,124),(152,132,143),(163,142,154),(183,108,112),(224,50,51),
(152,123,124),(132,155,156),(139,150,153),(131,142,146),(130,117,126),(105,92,101),(99,53,72),(79,33,53),(91,27,53),(107,43,69),(126,72,95),(152,98,121),(147,125,137),(158,135,147),(178,103,107),(222,48,49),
(156,125,126),(135,157,159),(142,152,155),(132,141,146),(130,116,125),(103,88,98),(97,48,69),(78,31,51),(89,23,49),(105,40,66),(126,71,93),(151,97,119),(147,123,137),(156,133,145),(177,101,105),(221,46,48),
(163,129,131),(143,161,164),(148,154,159),(137,143,148),(133,116,126),(105,88,98),(98,46,68),(79,27,49),(91,20,46),(109,39,65),(128,70,92),(155,96,118),(152,124,138),(160,133,147),(179,101,106),(222,46,48),
(170,135,138),(151,168,171),(154,159,164),(143,148,153),(138,119,130),(109,90,101),(100,47,68),(79,25,47),(92,19,46),(110,38,65),(129,69,92),(156,96,118),(154,125,139),(164,136,151),(182,103,108),(223,47,49),
(178,141,145),(161,174,179),(163,166,172),(149,153,159),(144,121,133),(112,90,102),(102,46,67),(79,23,44),(92,16,44),(111,36,64),(131,68,91),(158,95,118),(155,126,140),(167,137,152),(185,104,109),(224,46,49),
(182,144,148),(166,179,184),(168,170,176),(153,156,162),(145,121,134),(112,89,101),(100,44,65),(77,21,43),(90,15,43),(110,35,63),(130,67,91),(157,94,117),(155,126,140),(167,137,152),(184,103,109),(223,46,48),
(179,142,146),(165,178,183),(168,170,176),(153,155,161),(145,120,133),(110,86,98),(97,42,63),(76,20,41),(90,15,43),(110,35,63),(131,68,92),(158,95,119),(156,126,140),(166,136,151),(181,101,106),(221,45,47),
(176,138,143),(162,175,179),(165,166,173),(151,152,159),(144,118,132),(109,83,97),(96,39,60),(75,18,40),(88,14,42),(109,35,62),(130,69,92),(158,97,120),(155,128,142),(164,137,151),(177,100,105),(219,44,46),
(175,138,141),(159,173,178),(165,166,172),(150,151,157),(143,116,130),(109,81,95),(95,37,59),(75,17,39),(87,15,41),(107,34,61),(128,73,94),(156,100,121),(152,132,144),(162,142,154),(176,103,106),(217,44,45),
(178,140,144),(163,176,181),(167,167,174),(150,150,156),(141,113,126),(107,78,92),(93,35,57),(74,15,37),(85,14,40),(106,34,61),(129,76,96),(157,104,124),(154,137,147),(165,148,159),(179,108,110),(219,46,47),
(183,146,150),(167,180,185),(168,167,172),(147,147,151),(141,109,122),(105,74,86),(91,31,53),(73,13,36),(83,15,41),(107,39,65),(127,81,99),(158,112,130),(155,147,154),(166,158,165),(182,114,116),(221,49,50),
(184,147,150),(165,178,182),(165,162,168),(144,142,147),(139,106,119),(103,70,83),(91,28,51),(73,12,34),(84,17,41),(111,44,68),(129,86,103),(163,120,137),(160,155,161),(168,164,170),(184,117,118),(221,51,51),
(182,145,147),(161,174,176),(163,157,164),(144,138,145),(139,103,117),(103,67,81),(92,27,49),(76,11,33),(84,19,41),(112,47,69),(128,91,106),(163,127,142),(156,160,164),(163,167,171),(183,119,118),(222,53,53),
(174,137,139),(154,167,169),(158,152,158),(142,135,142),(137,98,114),(103,64,80),(92,27,49),(78,13,35),(86,21,43),(113,48,70),(129,93,108),(161,126,140),(155,160,162),(162,167,170),(183,120,119),(223,54,54),
(169,131,133),(148,161,163),(155,147,154),(139,131,138),(136,95,111),(104,62,79),(92,27,49),(80,15,37),(89,24,46),(116,51,73),(130,96,110),(161,128,141),(157,163,165),(165,171,174),(185,122,121),(224,55,55),
(169,130,133),(147,160,162),(154,146,153),(139,131,138),(135,94,110),(104,62,79),(94,29,51),(82,17,39),(93,28,50),(120,55,78),(135,101,115),(168,134,148),(164,170,172),(174,179,182),(191,127,127),(226,57,57),
(172,132,134),(151,161,164),(156,148,155),(139,131,138),(136,95,111),(105,64,80),(97,29,52),(85,18,41),(95,30,54),(125,60,84),(143,107,122),(179,142,158),(177,179,183),(187,189,192),(199,133,134),(230,60,60),
(175,136,138),(155,166,169),(159,151,158),(140,132,139),(136,94,111),(105,63,79),(95,27,51),(85,17,41),(97,31,56),(129,63,87),(149,112,127),(187,150,165),(188,189,192),(198,199,203),(208,141,141),(234,63,63),
(180,141,143),(159,170,173),(161,153,160),(141,133,140),(137,93,110),(103,60,77),(93,25,50),(84,16,41),(98,31,56),(131,63,88),(152,116,130),(192,156,171),(196,195,200),(208,207,212),(215,147,148),(237,66,67),
(186,147,149),(164,175,178),(164,157,164),(143,136,143),(135,93,110),(100,59,76),(89,23,48),(82,15,40),(97,31,56),(129,63,87),(152,117,131),(194,159,174),(200,199,205),(213,212,217),(220,152,152),(240,68,69),
(191,151,154),(170,181,184),(169,163,172),(148,142,151),(134,98,115),(99,62,79),(87,24,48),(80,17,40),(93,30,53),(124,61,85),(149,115,131),(192,158,174),(199,198,205),(214,213,220),(222,152,154),(241,69,70),
(196,156,160),(176,188,191),(176,172,180),(156,152,160),(141,110,126),(105,73,89),(91,35,57),(80,25,47),(91,34,56),(120,64,86),(145,114,130),(188,157,173),(197,197,204),(214,213,220),(222,153,154),(241,69,70),
(200,163,165),(183,196,199),(182,184,190),(166,168,174),(151,131,145),(118,98,112),(102,63,80),(87,48,65),(96,54,73),(120,79,97),(145,122,137),(185,162,177),(198,199,206),(213,214,220),(222,154,155),(241,70,70),
(204,168,170),(189,204,206),(190,194,200),(178,183,189),(169,156,167),(143,129,141),(128,97,113),(113,81,97),(117,84,100),(136,103,119),(155,139,152),(189,173,186),(201,205,211),(213,217,223),(223,155,156),(241,70,71),
(202,169,171),(190,207,211),(192,203,208),(186,196,202),(182,181,188),(164,163,170),(151,137,149),(136,123,134),(135,121,133),(148,134,146),(162,161,168),(189,188,195),(201,212,217),(210,220,226),(222,155,157),(241,70,71),
(199,165,168),(187,205,210),(192,205,210),(191,204,208),(192,197,203),(180,185,191),(172,167,176),(158,153,162),(153,147,157),(160,154,164),(171,174,181),(191,195,201),(200,212,217),(205,217,222),(216,150,152),(238,68,69),
(191,160,163),(179,199,204),(184,202,205),(188,205,208),(188,203,207),(181,196,200),(171,182,188),(158,168,174),(153,163,168),(156,166,172),(169,182,186),(185,198,203),(191,209,212),(193,210,213),(207,143,145),(234,65,65),
(186,155,158),(173,192,197),(178,196,200),(183,201,205),(184,202,205),(179,196,200),(170,184,189),(158,171,176),(153,166,171),(157,171,176),(168,183,186),(179,194,198),(182,202,205),(183,202,205),(202,138,140),(231,62,63),
(184,152,156),(169,188,193),(171,191,196),(176,195,200),(176,199,202),(173,195,199),(167,187,190),(157,177,180),(153,173,175),(155,176,178),(162,182,184),(170,190,192),(173,195,199),(175,197,201),(199,136,138),(230,61,62),
(183,151,156),(166,186,191),(167,187,192),(170,190,194),(171,192,197),(170,192,196),(167,187,190),(161,181,185),(159,179,182),(159,179,182),(160,180,184),(164,184,187),(167,190,194),(171,193,197),(197,135,137),(229,61,62),
(182,150,154),(164,184,188),(164,184,188),(165,185,190),(166,185,190),(167,186,191),(165,185,190),(164,183,188),(161,181,186),(160,180,185),(160,180,185),(163,182,187),(164,186,190),(167,189,193),(195,133,135),(229,60,61),
(181,148,152),(162,181,186),(162,181,186),(162,181,186),(162,181,186),(163,182,187),(163,182,187),(162,182,187),(161,181,186),(160,180,185),(161,181,186),(163,182,187),(163,185,189),(165,188,192),(193,132,134),(228,60,60),
(179,147,151),(159,179,184),(158,178,183),(158,178,183),(158,178,183),(159,179,184),(160,180,185),(160,180,185),(161,181,186),(161,181,186),(162,182,187),(164,183,188),(163,185,189),(164,186,190),(192,130,132),(227,59,60),
(178,146,150),(158,177,182),(157,176,181),(156,175,180),(157,176,181),(158,177,182),(157,177,181),(158,178,183),(159,179,184),(160,180,185),(161,181,186),(162,182,187),(162,184,188),(162,184,188),(191,129,131),(227,58,60),
(177,145,149),(157,176,181),(155,175,180),(154,174,179),(155,174,179),(156,175,180),(155,175,180),(156,175,180),(157,177,181),(158,178,183),(160,180,185),(161,181,186),(160,182,186),(161,183,187),(190,127,129),(226,58,59),
(177,145,149),(157,176,181),(155,174,179),(154,174,179),(153,173,178),(154,174,179),(154,174,179),(154,174,179),(156,175,180),(157,176,181),(158,178,183),(159,179,184),(159,181,185),(159,181,185),(188,126,128),(225,57,58),
(177,145,149),(157,177,181),(156,175,180),(155,174,179),(153,173,178),(153,173,178),(154,174,179),(154,174,179),(156,175,180),(156,175,180),(157,176,181),(157,177,181),(157,179,183),(157,179,183),(186,125,127),(224,56,57),
(178,147,151),(159,179,183),(157,177,181),(156,175,180),(154,174,179),(153,173,178),(154,174,179),(154,174,179),(155,175,180),(155,174,179),(155,174,179),(155,174,179),(154,176,180),(154,176,180),(185,123,125),(224,55,56),
(181,148,152),(161,181,186),(159,179,183),(157,177,181),(155,175,180),(155,174,179),(154,174,179),(154,174,179),(154,174,179),(153,173,178),(153,173,178),(153,173,178),(151,173,177),(152,174,178),(182,120,123),(222,54,55),
(182,150,154),(164,183,188),(161,181,186),(159,179,183),(158,177,182),(156,175,180),(155,174,179),(153,173,178),(153,173,178),(152,172,177),(152,172,176),(151,171,176),(148,170,174),(148,170,174),(181,118,121),(222,53,55),
(183,151,156),(166,186,190),(164,183,188),(161,181,186),(160,180,185),(158,177,182),(156,175,180),(154,174,179),(153,173,178),(152,172,176),(151,170,175),(149,168,173),(146,168,172),(146,168,172),(178,116,118),(221,52,53),
(185,153,157),(167,188,193),(166,187,191),(164,184,188),(161,182,187),(159,180,185),(157,177,182),(154,175,179),(152,173,177),(150,171,175),(149,169,174),(147,167,172),(144,167,171),(144,167,171),(177,115,117),(220,52,53),
(186,156,160),(169,191,195),(167,189,193),(164,186,190),(163,185,189),(161,183,187),(159,181,185),(155,177,181),(152,174,178),(150,172,176),(148,170,174),(146,168,172),(144,166,170),(143,166,170),(176,114,116),(220,51,52),
(188,158,161),(171,194,197),(169,191,195),(166,188,192),(164,186,190),(161,183,187),(159,181,185),(156,178,182),(153,175,179),(151,173,177),(148,170,174),(147,169,173),(146,168,172),(144,167,171),(177,114,116),(220,51,52),
(189,159,162),(172,194,198),(169,191,195),(165,188,192),(161,184,188),(158,180,184),(155,177,181),(152,174,178),(151,173,177),(150,172,176),(150,172,176),(148,170,174),(147,169,173),(146,168,172),(177,116,118),(220,52,53),
(189,160,164),(172,195,199),(167,191,194),(162,186,190),(155,178,181),(149,172,176),(144,166,170),(141,164,168),(143,166,169),(146,168,172),(150,172,176),(149,171,175),(147,169,173),(147,169,173),(179,117,119),(221,52,53),
(188,160,164),(170,194,199),(165,190,193),(158,182,185),(145,169,172),(137,161,164),(128,153,156),(124,149,152),(130,153,156),(139,161,165),(148,169,173),(149,171,175),(148,170,174),(148,170,174),(180,118,120),(221,53,54),
(187,160,164),(169,194,199),(163,189,192),(154,179,182),(140,164,167),(127,152,155),(116,140,143),(111,135,138),(118,141,144),(131,154,158),(144,165,169),(148,170,174),(150,172,176),(150,172,176),(181,118,121),(222,54,55),
(186,160,164),(167,194,198),(161,188,191),(152,179,181),(139,163,166),(124,149,152),(111,135,138),(105,129,132),(113,137,140),(127,151,154),(141,163,167),(148,170,174),(152,174,178),(152,174,178),(182,120,123),(222,54,55),
(185,160,163),(167,195,198),(162,189,192),(153,180,182),(140,165,167),(124,150,152),(112,136,139),(105,129,132),(113,137,140),(128,152,155),(142,164,168),(150,172,176),(154,176,180),(155,177,181),(184,123,125),(223,55,56),
(185,160,164),(168,197,200),(165,192,194),(155,182,185),(140,167,169),(124,151,153),(113,137,141),(106,130,134),(116,138,142),(132,154,158),(144,167,171),(153,175,179),(157,179,183),(158,180,184),(186,125,127),(224,56,57),
(186,161,164),(170,199,203),(167,194,196),(157,185,187),(142,169,172),(126,152,155),(114,137,141),(108,131,135),(118,139,143),(134,155,159),(147,168,172),(155,176,180),(159,181,185),(159,181,185),(187,125,127),(225,56,57),
(187,163,166),(173,202,206),(169,198,200),(158,188,189),(146,170,173),(128,152,155),(114,136,140),(109,131,135),(120,139,144),(137,157,161),(150,169,174),(156,175,180),(157,179,183),(157,179,183),(187,123,126),(224,55,56),
(191,166,169),(177,206,210),(174,202,204),(163,191,193),(148,171,174),(128,151,155),(115,135,139),(110,130,135),(123,140,145),(141,158,164),(154,171,176),(159,175,181),(156,177,181),(156,176,181),(185,121,124),(224,55,56),
(195,171,174),(182,211,215),(179,206,208),(167,194,196),(152,172,176),(132,152,157),(120,135,141),(114,129,136),(128,141,148),(147,160,167),(160,173,180),(164,177,184),(160,178,183),(157,175,180),(184,120,123),(223,54,55),
(201,176,179),(189,218,222),(185,210,213),(172,197,200),(156,174,179),(137,154,159),(125,134,143),(120,130,138),(134,142,151),(153,160,169),(165,174,183),(170,180,188),(164,180,186),(161,177,183),(186,123,125),(224,55,56),
(206,179,183),(195,222,226),(191,214,217),(176,198,202),(159,171,179),(138,150,157),(126,129,140),(122,124,135),(136,136,148),(156,156,168),(168,171,182),(176,179,189),(169,182,189),(169,182,189),(191,127,129),(226,57,58),
(208,182,186),(196,222,227),(192,213,217),(173,194,198),(155,165,172),(130,140,147),(117,116,126),(112,109,120),(126,121,133),(148,142,154),(164,163,173),(175,174,184),(173,183,191),(175,186,193),(196,131,134),(229,59,60),
(209,181,186),(196,221,226),(191,208,213),(169,187,192),(148,153,161),(118,124,131),(104,95,105),(95,86,96),(111,96,108),(135,120,132),(154,148,157),(171,165,174),(175,181,188),(182,187,194),(202,134,138),(231,61,63),
(208,180,184),(195,220,224),(190,205,210),(165,181,186),(141,144,151),(109,112,119),(93,79,90),(79,65,77),(94,73,87),(121,100,114),(142,131,142),(166,156,166),(173,176,184),(183,186,194),(202,135,139),(232,61,63),
(206,178,181),(193,218,221),(190,203,207),(166,179,184),(141,140,147),(108,107,114),(93,70,85),(76,53,67),(88,58,75),(116,86,103),(138,120,133),(165,147,160),(173,172,181),(184,183,192),(202,135,138),(232,61,63),
(203,174,177),(190,214,218),(186,199,204),(165,177,182),(142,140,147),(111,108,116),(94,69,84),(76,51,66),(87,53,71),(113,80,98),(136,115,129),(165,143,157),(172,171,180),(185,184,193),(202,136,139),(233,62,64),
(199,169,172),(185,207,211),(181,191,197),(161,172,177),(144,138,147),(114,108,117),(98,68,85),(80,50,67),(89,50,70),(116,76,97),(140,112,128),(169,141,157),(172,171,181),(187,186,195),(204,137,141),(233,63,65),
(193,163,166),(176,198,202),(173,183,189),(154,165,170),(142,135,144),(115,107,116),(101,69,87),(81,50,67),(89,48,69),(116,74,96),(139,110,127),(168,139,156),(173,171,181),(189,187,197),(206,138,143),(234,63,65),
(185,155,158),(165,187,191),(163,173,179),(146,157,162),(139,129,139),(115,104,114),(104,69,87),(84,49,68),(91,47,69),(116,72,94),(137,107,124),(167,137,154),(172,168,179),(188,184,195),(206,136,141),(234,62,64),
(177,146,149),(156,176,181),(154,163,169),(139,149,155),(134,123,134),(112,101,112),(103,67,84),(84,49,67),(90,45,67),(115,69,90),(134,104,121),(163,133,150),(168,164,175),(183,179,189),(200,132,136),(231,60,62),
(169,138,142),(148,167,172),(148,156,162),(135,143,149),(131,120,130),(110,99,110),(101,64,81),(83,47,64),(89,43,63),(113,66,86),(132,102,119),(159,128,145),(161,158,168),(173,169,181),(193,125,129),(228,57,59),
(165,133,137),(142,162,166),(143,152,158),(131,139,146),(128,116,127),(109,97,108),(101,62,80),(82,43,61),(89,40,61),(112,63,84),(130,100,117),(155,125,142),(153,150,161),(164,161,171),(186,118,123),(225,54,56),
(160,129,133),(138,158,163),(140,149,155),(129,137,143),(127,113,125),(107,94,105),(101,60,78),(83,41,60),(91,39,61),(114,62,84),(129,99,116),(153,123,140),(148,146,156),(157,155,165),(182,114,118),(223,52,54),
(159,128,131),(136,157,160),(139,147,153),(128,135,141),(127,112,124),(106,93,103),(101,59,77),(84,41,60),(94,40,62),(116,62,85),(131,100,117),(154,122,140),(148,146,156),(156,155,164),(181,114,118),(222,51,53),
(159,130,130),(135,158,159),(140,149,153),(129,137,141),(128,113,123),(108,93,103),(102,58,78),(86,42,61),(97,41,64),(120,63,87),(133,100,118),(157,125,142),(153,152,161),(162,160,170),(184,118,121),(224,53,55),
(161,131,133),(137,160,161),(142,150,154),(130,138,142),(130,114,124),(110,95,104),(105,59,79),(89,43,62),(99,42,65),(123,65,89),(136,102,119),(162,129,146),(162,160,168),(173,170,179),(191,124,127),(227,56,58),
(164,134,135),(141,163,165),(145,153,157),(132,140,145),(132,116,126),(111,96,105),(108,59,78),(91,43,61),(100,42,64),(125,66,88),(139,104,121),(168,133,150),(170,166,174),(183,179,187),(198,130,133),(230,58,60),
(169,138,140),(145,168,169),(149,157,161),(135,143,148),(135,118,128),(113,96,106),(108,59,78),(91,42,60),(99,41,63),(125,67,89),(140,105,122),(171,136,152),(173,169,177),(187,183,191),(201,133,136),(230,59,60),
(173,143,145),(151,174,175),(154,160,165),(140,146,151),(139,119,130),(115,95,107),(109,58,78),(92,41,60),(99,40,62),(124,66,88),(141,105,122),(173,136,153),(174,170,178),(186,182,190),(200,132,135),(230,59,60),
(179,149,151),(158,181,182),(159,165,170),(144,150,155),(142,120,132),(117,96,108),(109,57,78),(92,40,59),(98,38,60),(122,63,85),(140,104,121),(172,135,152),(172,168,176),(183,179,187),(198,129,132),(229,58,59),
(184,154,156),(164,187,188),(164,171,176),(148,154,159),(145,122,134),(119,97,109),(110,56,77),(90,37,57),(97,36,59),(121,61,83),(139,102,119),(170,133,150),(169,166,174),(181,177,185),(196,128,131),(228,57,59),
(188,157,159),(170,191,193),(169,175,179),(152,157,161),(148,124,137),(120,97,109),(110,56,77),(90,35,56),(96,35,58),(122,61,84),(139,102,119),(168,130,148),(168,163,172),(180,176,184),(195,127,130),(228,57,59),
(190,158,160),(172,192,194),(173,177,180),(155,159,162),(151,126,139),(122,97,110),(111,56,77),(92,37,58),(97,36,59),(123,62,85),(138,101,118),(167,129,147),(165,162,170),(177,173,181),(195,127,129),(228,57,58),
(189,157,160),(172,191,193),(174,178,181),(157,161,165),(152,127,139),(122,97,109),(112,57,78),(95,39,60),(98,38,60),(124,63,86),(137,100,117),(164,128,145),(162,158,166),(173,169,177),(193,124,127),(227,56,57),
(187,156,157),(171,191,192),(174,178,181),(157,161,165),(152,126,137),(122,96,107),(112,56,78),(96,40,61),(100,40,62),(124,63,86),(137,100,117),(161,125,142),(158,154,162),(168,165,173),(189,121,124),(226,55,56),
(188,156,157),(172,191,193),(174,177,181),(158,161,165),(151,125,136),(120,93,105),(110,54,75),(93,37,58),(101,41,64),(124,63,86),(135,99,116),(159,123,140),(155,152,159),(165,161,169),(187,118,121),(225,54,55),
(191,158,160),(177,194,197),(178,180,184),(161,163,167),(151,125,136),(119,92,103),(107,51,72),(89,33,55),(99,38,61),(122,61,84),(133,98,115),(158,123,139),(154,151,159),(163,160,168),(186,117,120),(224,53,55),
(193,160,162),(179,197,200),(180,182,186),(162,164,168),(151,125,136),(117,91,102),(105,49,71),(88,32,53),(96,36,59),(120,61,82),(133,99,115),(160,126,142),(156,154,162),(164,162,170),(186,118,120),(225,53,55),
(194,160,163),(180,197,201),(181,183,187),(162,164,168),(151,125,136),(116,90,101),(104,48,70),(87,31,52),(95,37,59),(121,63,85),(136,101,117),(164,130,146),(161,160,167),(169,168,175),(189,120,123),(225,54,55),
(193,159,161),(179,196,199),(179,182,186),(161,164,167),(151,125,137),(116,90,102),(104,49,71),(88,33,54),(96,39,61),(123,66,88),(138,104,120),(168,134,150),(167,165,173),(175,173,181),(192,123,127),(226,55,56),
(192,158,160),(178,195,198),(177,181,184),(159,163,166),(150,125,138),(116,91,104),(104,50,73),(89,35,58),(98,41,65),(123,67,90),(138,106,122),(169,137,152),(169,167,177),(177,176,185),(194,125,129),(227,56,58),
(190,156,159),(176,194,197),(177,181,184),(159,162,167),(150,126,138),(117,94,106),(105,53,76),(91,39,61),(100,45,68),(125,70,93),(138,108,124),(168,138,153),(170,167,178),(178,176,186),(194,126,130),(228,56,58),
(188,155,156),(173,191,194),(176,180,185),(160,163,169),(151,129,141),(121,99,111),(111,62,84),(97,48,69),(107,54,76),(130,76,99),(139,112,128),(166,139,155),(168,166,176),(177,175,185),(194,125,129),(228,56,58),
(186,154,156),(171,189,192),(174,180,184),(161,167,172),(156,136,149),(131,111,123),(124,80,100),(112,68,88),(119,73,94),(138,91,113),(146,123,138),(168,144,159),(165,167,176),(174,175,184),(193,125,129),(227,57,58),
(186,154,156),(170,190,192),(174,182,186),(164,173,177),(164,148,160),(145,130,142),(143,106,125),(134,96,116),(137,100,119),(152,115,134),(158,140,153),(172,155,167),(166,172,179),(171,177,184),(193,126,129),(228,57,59),
(185,154,156),(171,192,193),(174,186,189),(168,180,183),(172,163,172),(160,150,160),(161,134,149),(156,127,144),(158,131,146),(168,141,156),(168,156,168),(178,165,178),(168,176,183),(170,178,184),(192,125,129),(228,57,59),
(183,154,155),(169,192,193),(173,188,190),(170,186,188),(175,174,181),(170,169,176),(171,158,169),(168,154,166),(169,156,167),(174,161,172),(173,169,180),(177,173,184),(168,178,184),(167,178,184),(191,124,128),(227,56,58),
(181,152,153),(166,190,191),(170,188,190),(170,187,189),(176,180,185),(173,177,183),(176,170,179),(174,168,177),(174,169,177),(175,170,178),(172,174,183),(173,175,184),(164,177,182),(162,176,180),(188,122,125),(225,55,57),
(178,150,151),(161,186,187),(165,185,188),(166,186,188),(170,181,184),(169,180,183),(172,176,182),(169,174,179),(168,175,179),(167,173,178),(163,174,180),(163,173,179),(156,174,177),(156,173,177),(184,120,123),(224,55,56),
(175,147,147),(157,182,183),(161,182,184),(161,182,184),(165,180,183),(164,179,181),(165,175,180),(164,174,178),(162,174,178),(161,172,176),(156,171,175),(154,169,174),(150,170,173),(150,170,173),(182,118,120),(222,54,55),
(171,143,143),(153,178,178),(156,179,180),(157,179,181),(159,179,181),(158,178,180),(157,175,178),(157,175,178),(155,173,176),(153,171,174),(147,170,171),(147,168,170),(145,169,170),(145,169,170),(179,117,118),(221,53,53),
(165,138,138),(148,173,174),(152,175,176),(154,176,178),(156,177,179),(155,176,178),(154,174,177),(153,173,175),(151,171,174),(148,169,172),(145,169,170),(145,169,170),(144,169,170),(144,170,170),(178,117,118),(221,53,53),
(162,134,134),(144,169,169),(148,171,172),(151,173,175),(152,174,176),(151,174,175),(150,173,174),(149,171,173),(146,170,171),(145,170,171),(143,170,170),(143,170,170),(143,170,170),(144,171,171),(179,118,118),(221,54,54),
(161,133,134),(142,167,167),(147,168,170),(148,171,172),(149,171,173),(148,171,172),(147,170,171),(147,170,171),(145,170,171),(145,169,170),(143,170,170),(143,170,170),(144,170,170),(145,172,172),(179,120,120),(221,54,54),
(161,133,134),(142,167,167),(146,167,169),(147,168,170),(147,169,171),(147,169,171),(145,170,171),(145,170,171),(145,169,170),(144,169,170),(143,170,170),(143,170,170),(143,170,170),(145,172,172),(180,120,120),(221,54,54),
(160,132,133),(142,166,166),(145,167,169),(146,168,170),(147,169,171),(147,169,171),(145,170,171),(145,170,171),(144,169,170),(144,169,170),(143,170,170),(143,170,170),(143,170,170),(145,172,172),(180,120,120),(221,54,54),
(160,132,133),(141,166,166),(145,167,169),(146,168,170),(147,169,171),(147,170,171),(146,170,171),(146,170,171),(145,170,171),(144,169,170),(143,170,170),(144,171,171),(144,171,171),(145,172,172),(179,119,119),(221,54,54),
(160,132,133),(141,166,166),(145,167,169),(146,168,170),(147,170,171),(148,171,172),(147,171,172),(147,171,172),(145,170,171),(145,169,170),(144,170,170),(144,170,170),(144,170,170),(145,171,171),(179,118,118),(221,54,54),
(160,132,133),(140,165,165),(145,167,169),(146,168,170),(148,171,172),(148,171,172),(147,171,172),(147,171,172),(145,170,171),(144,169,170),(144,169,170),(144,168,169),(142,169,169),(144,170,170),(178,118,118),(221,53,53),
(159,131,132),(140,164,165),(144,167,169),(146,169,171),(148,171,172),(148,171,172),(146,170,171),(146,170,171),(145,169,170),(143,168,169),(143,168,168),(142,166,167),(140,167,167),(142,168,168),(177,116,116),(220,52,52),
(159,131,132),(140,164,165),(143,168,169),(145,169,170),(148,171,172),(148,170,171),(145,169,170),(143,168,169),(143,168,169),(141,166,166),(139,164,165),(138,162,163),(138,162,163),(138,163,163),(175,113,113),(219,51,51),
(158,130,131),(140,164,165),(143,168,169),(144,169,170),(147,170,171),(146,169,171),(144,169,170),(142,167,167),(140,165,166),(138,163,164),(136,161,161),(133,158,159),(133,158,159),(133,158,159),(170,109,109),(217,49,49),
(158,130,131),(139,163,164),(143,168,169),(144,169,170),(145,170,171),(145,170,171),(144,169,170),(141,166,166),(137,162,163),(135,160,161),(133,158,158),(130,155,156),(130,155,156),(130,155,156),(168,106,106),(216,48,48),
(158,130,131),(138,163,164),(142,167,168),(144,169,170),(145,170,171),(145,170,171),(144,169,170),(141,166,166),(137,162,163),(134,159,159),(130,156,157),(128,153,154),(127,152,153),(127,152,153),(166,105,105),(215,47,47),
(158,130,131),(138,163,164),(142,167,168),(144,169,170),(145,170,171),(145,170,171),(144,169,170),(141,166,166),(137,162,163),(134,159,159),(130,155,156),(127,152,152),(126,151,151),(125,150,151),(165,103,104),(215,46,47),
(158,130,131),(138,163,164),(142,167,168),(143,168,169),(145,169,170),(145,169,170),(143,168,169),(141,166,166),(137,162,163),(134,159,159),(130,155,156),(127,152,152),(125,150,151),(124,149,150),(164,103,103),(214,46,46),
(158,130,131),(139,163,164),(142,167,167),(143,168,169),(144,169,170),(144,169,170),(143,168,169),(141,166,166),(137,162,163),(134,159,159),(129,155,156),(127,152,152),(124,149,150),(123,148,149),(164,102,103),(214,46,46),
(158,130,131),(140,164,165),(142,167,167),(143,168,169),(144,169,170),(144,169,170),(143,168,169),(141,166,166),(137,162,163),(134,159,159),(129,154,155),(126,151,151),(123,148,149),(122,147,148),(163,101,102),(214,46,46),
(158,130,131),(139,163,164),(141,166,166),(142,167,168),(143,168,169),(143,168,169),(143,168,169),(141,166,166),(137,162,163),(134,159,159),(129,154,155),(127,152,152),(123,148,149),(122,147,148),(163,101,102),(214,46,46),
(157,130,130),(137,162,163),(139,163,164),(140,165,165),(141,166,166),(142,167,168),(143,168,169),(141,166,166),(138,163,164),(135,160,160),(132,157,157),(129,154,155),(125,150,151),(124,149,149),(164,103,103),(215,46,47),
(156,128,128),(135,160,161),(137,162,163),(139,163,164),(140,165,165),(141,166,166),(143,168,169),(141,166,166),(141,165,166),(138,163,164),(136,161,161),(132,157,158),(130,155,155),(128,153,153),(166,105,105),(215,47,47),
(153,125,126),(133,158,158),(135,160,161),(137,162,163),(140,164,165),(141,166,166),(143,168,169),(143,168,168),(143,168,168),(142,167,168),(139,164,165),(136,161,162),(134,159,160),(132,157,157),(168,106,107),(216,47,48),
(152,124,124),(130,155,156),(134,159,159),(136,161,162),(139,163,164),(142,167,167),(144,169,170),(144,169,170),(144,169,170),(144,169,170),(141,166,166),(139,163,164),(136,161,162),(134,159,159),(169,107,108),(216,47,47),
(149,121,122),(128,153,154),(131,156,157),(134,159,159),(137,162,163),(141,166,166),(143,168,169),(144,169,170),(145,170,171),(144,169,170),(141,166,166),(139,163,164),(136,161,162),(135,160,160),(169,107,108),(215,47,47),
(149,121,121),(127,152,152),(128,154,155),(132,157,157),(135,160,161),(138,163,164),(141,166,166),(143,168,169),(144,169,169),(143,168,168),(139,164,165),(137,162,162),(135,160,161),(134,159,159),(168,107,108),(215,47,47),
(151,122,123),(127,152,152),(128,152,153),(129,154,155),(133,157,158),(135,159,160),(137,160,161),(138,162,163),(138,162,163),(137,161,162),(134,158,159),(132,156,157),(133,156,157),(132,156,157),(169,107,107),(216,47,47),
(153,124,125),(128,151,153),(128,151,152),(127,150,152),(127,149,151),(126,148,150),(124,147,148),(123,146,147),(124,147,148),(123,146,147),(123,146,147),(124,146,148),(127,149,151),(130,152,154),(169,105,107),(216,47,47),
(155,125,126),(130,153,154),(126,149,149),(121,143,144),(113,136,136),(103,125,126),(96,120,120),(94,116,117),(95,118,118),(98,121,121),(103,126,126),(108,131,131),(116,138,139),(122,145,145),(166,103,103),(215,46,46),
(156,127,126),(131,154,153),(125,147,146),(111,134,133),(94,117,116),(74,96,96),(61,83,82),(55,78,77),(58,81,80),(65,88,87),(76,99,98),(87,110,109),(99,122,121),(111,134,133),(160,96,96),(213,44,44),
(157,128,127),(132,155,154),(124,147,146),(106,129,128),(83,106,105),(57,80,79),(38,61,60),(30,53,52),(34,57,56),(44,67,66),(58,81,80),(73,96,95),(88,111,111),(102,125,124),(155,91,91),(211,42,42),
(156,128,127),(133,156,155),(126,149,148),(112,135,134),(90,113,112),(67,90,89),(48,71,71),(41,64,63),(44,67,66),(53,76,75),(66,89,88),(80,103,102),(93,116,116),(105,128,127),(156,92,92),(211,42,42),
(156,126,126),(134,156,155),(130,152,151),(124,146,145),(112,134,133),(99,121,120),(86,108,108),(81,102,102),(82,104,103),(88,110,110),(96,117,117),(105,126,126),(113,135,134),(119,140,140),(162,98,98),(214,45,45),
(156,125,125),(134,154,154),(133,154,154),(133,153,153),(130,152,151),(127,148,147),(122,143,143),(120,140,140),(120,140,140),(121,142,142),(125,145,145),(129,149,149),(131,152,152),(132,153,152),(168,105,105),(216,47,47),
(154,123,123),(132,153,153),(134,154,154),(136,156,156),(137,158,158),(138,159,158),(138,158,158),(137,157,157),(136,157,157),(135,156,156),(137,158,158),(139,160,160),(139,160,160),(137,158,158),(172,108,107),(218,49,48),
(191,77,77),(178,96,96),(179,97,97),(181,99,99),(181,100,99),(182,100,100),(182,100,100),(182,100,100),(181,100,99),(181,99,99),(182,100,100),(182,100,100),(182,100,100),(181,99,99),(203,67,67),(217,48,48),
(209,56,56),(209,57,57),(209,57,57),(210,58,58),(210,58,58),(210,58,58),(210,58,58),(210,58,58),(210,58,58),(210,58,58),(210,58,58),(210,58,58),(210,57,57),(209,56,56),(208,56,56),(184,86,86),